04714338960
04629268421
01423237803
02234086973
03611587346
02047951178
04912685992
03152876912
02023127556
01604501277
02146559551
01475535635
03508396118
02430708965
03825093158
02819080014
01684364507
01663786666
02566667764
02547638711
04306989500
01799814556
03758666392
05178510160
04199144986
04626486304
04037091992
02689788594
03553227907
01618754257
03719158136
04471166654
04221370734
01536350532
03092892119
04681822098
01709007180
01796738158
05121958625
05204341617
04608169505
01694281922
04765633721
02681163692
03275610333
05146792801
01688304002
02819389627
03236911450
04126567798
02622896875
02436679495
04200118548
01444100106
02648518975
02297701800
03705597469
02600566856
04890548890
04962564676
05054528806
04024659626
04078113117
03285835966
04486124456
03431385494
04331821137
03261660686
02201241401
03306297941
05057208683
03443534198
03234660522
03523785146
04959352396
03501415419
02621046797
02454640180
03853022740
01444144731
04175038574
05125008940
04359268963
02595794400
02501061080
01436937604
04118150328
03370353695
03008419577
04371420435
05090582938
01800510080
04611967352
03512286674
02833297343
05068458937
01572100656
01416534423
02000271154
04052770919
03869756551
03662177803
03915886645
01426695551
04063504182
03582788563
03082668119
01749443301
03927803642
02004373130
02189462797
02527755038
05056001321
01846731003
01774758547
02786817862
04705174763
03548734154
02442219107
01557591679
01976578507
01536549371
03609415835
02585920798
02045922758
02163580431
02179004370
04926010976
02125492199
03723352685
04183216125
02058935110
01807074188
01972002570
03765577707
03081102693
04492257802
02474772146
01641221682
04002945839
04236728605
03985999988
04909626450
02395000086
02124535137
03605182658
02256227421
02658679912
03753410721
04323679858
04444334142
01554458633
04669711172
02771911060
01907909240
02769665464
02645944361
05247980522
04727825686
02683666918
03870397322
03416768612
02109528737
03835440926
04593488761
04468671602
02257567145
04089046408
04491100950
02148756281
01581448139
03941918000
05185047860
03228165809
04931661220
04910493310
03741121185
01968609547
03723949142
03678392377
05181960545
02927890331
02026916918
03948635935
02110802041
04138658513
05243754617
03385563895
04222510548
02635745471
04697955900
02942608978
04244582762
02712517512
04516587955
03418166989
05039519940
05242089644
04687772455
03364059950
03296586032
01788903080
04741958809
02281278743
04615862580
04031676123
05116274403
03772057454
04515143603
02202914056
02737232945
01778138225
02101717310
02954569069
02163089509
05042467980
01808755820
03492605753
02365332668
03551023824
02339848105
03531751530
04086814463
03836316536
02907312596
04086219662
04640989636
03850229998
03234977640
03294589140
03842885610
04135488679
03623814024
03080343840
04870624931
04289243000
01567058000
01762208016
03021067905
04257915661
03394755521
02141692270
03066470440
04254525656
01975624325
01430007800
03198971500
04649687390
03245493851
01882936124
03714115722
01665826037
04142777912
01514710706
03771816688
05167840562
03254036786
04842238950
03464538524
01681748711
03954395908
04459925303
03420328796
03487333058
01428610570
05230450428
02690823527
05232353721
04433380784
03695551127
02186352494
01604461140
04402146372
04108041481
04728903443
04010623500
04289202926
02637127538
02518662111
04930456940
01439088470
04102052305
04886202527
03449350439
01976561108
04542074250
03985895180
04305358484
02346173061
01418870528
02534718851
03575522456
01635822033
02404422960
02824670681
02666094901
04472911655
03677638771
02432201540
03416460324
03322438503
03573236960
01684040876
05103906929
03717118609
02430575043
01817036700
03690162971
01600488005
03786259690
05228137980
01822133076
04105881566
05271351432
01889307106
04568527864
03819848851
01399333607
04493809809
02912901910
05243421804
04763924974
04921325421
04675617883
02568905794
04448379906
04749321508
02923314107
03428507924
03624282476
04462071956
03592462652
05147314784
04516009595
04130378945
02004803169
04517723186
01533704597
04562744642
01721914080
04997267821
02977507000
02229376020
04865153462
03247379126
03439173941
01417902612
03240350637
03804804411
04088812670
01804891274
02205102702
03394586584
04139907533
05267267929
03387714505
01542599695
01812701969
03418770851
04268951695
01672065089
05010973685
03389673113
03553013850
04263428528
03191132374
03356275607
02743549939
01901326551
02664558404
03734928710
03221055951
04998285939
05045894931
03853913903
05078083275
02109477059
04607249165
03969959420
01854940562
03334599892
01679956264
04786851906
02302214161
02107212511
02065697776
05225733638
02595552821
04418829431
05259068602
02906022705
03261139595
03145403184
04734376603
02856831605
03226250760
04697833465
04326093935
03458348603
016 658 260
03706649306
01595129061
04840181918
04506398947
04913716670
03226265440
01892076551
01431861405
02707828505
01891512935
03784669840
01881414566
02283244404
05153713431
02554786909
01466714693
03350609945
03499224038
01881836711
03537057725
05089145903
04789303802
01771537337
03121627217
04338329408
02733131850
03544003120
03487618990
02875599470
04099233464
02132066175
03715010673
01805210041
05247537688
03679797486
04577475448
02804846156
03892507406
03359740580
02057944913
04699531440
04649194601
02181722788
03612726692
03219883028
01436253900
05242767308
02401106685
03373268605
02331485747
04437288793
04316633864
05155692830
01398537667
04257127503
05283566593
04364460656
02009600088
02419765000
04180124904
03973036969
01721912207
04276785790
02849042366
02316054986
02134299185
05226441398
03802464575
03276135647
03377638369
02335780301
01962224945
04600773845
01509333550
04127271403
03526420173
01524332607
04210714404
04245021780
03003596675
04163269860
05097032837
03297468980
03406882625
03382698005
03806686963
01729289070
01570941386
01593223595
01942966520
01712966995
05148608986
03713953481
01824683995
01433939525
03596457122
02630878678
04911531983
03809839906
03372827902
05193113702
04048094807
02815522900
01713597128
04250159981
02831351820
02019089729
04702677632
02138862780
01772128112
03960578539
03989438930
04302407328
02138199886
01560737654
02615232959
04646834405
02727112118
02594521736
04638665764
01744042985
01549110624
03031921518
02884923071
05173912790
04264098173
01435559010
03886587460
03501037040
03960664613
02355672563
03705801414
03244612830
04578770907
04919256620
04984747986
03260198636
01878227877
02672002509
02771325926
04008554106
04967591329
03703508558
05020477630
01859783392
02443475301
03291118332
02531391711
02790185689
04268995986
04148714998
03440209750
01719010791
02333535008
01869782356
03236852186
01879174260
04218947503
04533959000
02479489345
02072929973
02229058754
03892866643
01865881864
03231764106
02664066021
03378305/00
03262664618
01525636600
03765409669
01479280100
04042094910
04431899600
04329431963
05200603773
01961227088
02996883993
02059960355
04613580773
01738734803
01412900646
03383736407
01466721600
01802747721
04291810865
03164422911
04235213814
03231257603
03775763241
02395467332
04244502670
02429445158
04014985300
04243523380
04161493673
04881190652
01478124377
01464193673
02417663031
01745017810
01731200676
04489621795
03863949897
04753326527
03763479961
01699446970
04896153685
02661016317
04234366609
01762983125
04550006978
01570856001
04254710984
02347844822
03718597195
04079702906
03245414650
03164266952
01872100120
02640047957
01429399350
04387337124
03110848775
03913959980
01923883712
01874086109
02784646106
04102999523
03345576660
02624904980
02198973103
03284589376
05282619407
04347980965
03688928911
01854086480
03600369458
01665191031
03756272435
04574830000
02243827565
03048270370
02241930822
01490172351
02589182009
04026757000
01698776128
04689382816
04308797330
04713201103
03010229763
01510905995
01573607339
02154752322
03910142850
01726948099
02265156809
03685859994
01570329575
04309002609
03239235501
04960426969
04052018184
01584419822
04844269666
01401791514
03502816379
02163738590
02009401808
03477814703
01933859024
03339891710
03455059724
02284014887
04774898422
04656399922
04286016501
02503351824
02922752690
03012740880
05228714880
02126003973
04953852125
03283965161
02569528099
01935724193
03702280146
04319023741
01705005195
01926769112
04173158300
03921566606
02488761478
03407822693
05119027946
04989800071
01424267765
02791179062
02610923678
02302215133
04900141194
02237663050
04844332538
03845023694
04017663818
04993923619
04266497881
03720040917
02393215530
03757941152
03370179644
01968601309
03146598035
03596839084
03226372602
04897109647
02929737999
04115983922
03816635660
03507764407
01944587500
04324642800
05157087390
03831061688
03146590999
03258560870
04967799582
04870748665
02896053778
01499302401
03611666300
01403298459
04250452436
02298269890
02396884069
02776796480
04401652614
04010796359
02655147111
03225414921
02258519705
05080560630
04595415443
02417158140
04605338438
02765348839
03182808000
04095000970
01750842386
01419693000
02960904419
02200267347
03658360000
01905121300
05151193341
04701870441
04207346864
04750164836
03482281475
01689471700
04282183187
03369041502
02429979616
03835426699
03625998580
01835786197
04908248974
03159757331
01405922532
03149938350
02072634776
04808273977
03473903582
02938418612
04645432907
03295747601
03383612600
04966478650
04468770180
03117651497
02358801755
01619685116
04737501477
02989261509
05198505641
01473442044
01554744644
01422539601
04988939600
05058293986
03343244406
02060756340
03234519773
01644659360
04120005984
04864155895
01664702016
03223814604
04848762448
01955532176
04124919905
04324115699
02510945025
05057730908
03020745462
01836788770
02424173966
03967724638
03263125796
03740699132
02606734394
03025554045
03558270509
02728272310
02992359807
05191450540
01894140100
01638011699
02026508208
05051491847
02162098032
04553663732
01829397150
03206167540
02770354574
02722207404
03969154855
01836806426
05021830473
03358635000
01908555092
04115701536
01395472742
03515396896
03803739128
04334082513
05271006760
01831448050
03989072935
01904743781
04557619657
04728695158
02071087821
04257586990
03330182300
02066277428
01560132159
02939518963
04732550495
04622968657
03501688300
02074307993
03317286725
01420855682
04836277558
02724106598
01749401832
02504985967
01568435606
04720247369
05205353830
05281748785
02056799600
03342110694
04642878807
02538706580
03309562999
04591026485
02763160379
02628100347
03508502678
03675027635
04452970543
04001977150
03237659630
04235766406
02039289704
04169837665
04627243952
03041429993
03872200119
01962689743
02426484012
03510519612
01735633763
04864214905
04108955633
02737732832
03536511767
04278598165
02320191003
03595789504
01774802384
03420375441
05129797825
01769798919
04284885790
04568526469
05142242904
05277296476
05270539616
01920592113
04726074806
03539837728
01480795631
03908381405
02762760941
05132222943
02576565530
02164851420
02529177902
05118081351
04848744466
02802154010
04685591917
02626376779
03567434896
02598802721
03551373485
03648804901
03900120684
02297125859
05284571606
02701406706
03820276637
01772593702
02920277103
02026358052
04317526131
01556984510
03220920195
01427914150
02150289539
04417120374
03539347712
04385155607
03531746960
01833999517
02210190001
04696095320
03720428052
04522837879
04192276445
03114999700
02030886890
03228458741
04555436822
03482726345
02584452111
03925860614
02851785982
02014259801
05201550410
03118761881
02661843400
04522961618
01434291162
03632860394
02114290743
02531610375
01469687194
01599223724
04623786595
03575564108
04170344901
03814363493
01718280033
03438029103
04472479990
02305072392
03766834908
01800162537
04715408970
02062448007
01965762700
03214463136
05255166707
01544939701
03245682158
03522974000
03751949836
02911518845
03142226265
01843388758
01898887926
02167175078
02069303306
04858874443
02793005819
03441452470
03815545625
02231194155
04054468616
02441584952
03028978954
02479599795
04671682966
01876573783
03715897708
03330862521